900
902
1361
1512
1520
2826
2866
2872
2874
2909
5398
6893
7530
7646
8820
10271
10321
11004
11060
11416
14781
15427
16908
19548
19751
20026
20253
20442
20580
20776
21639
22049
22195
22314
22490
22787
22824
22825
22826
22988
23223
23331
23333
23435
23439
23467
23553
23613
23628
23712
23726
23802
23839
23842
23846
23855
23893
24278
24307
24315
24674
24713
24732
24737
24812
24876
24912
24916
24920
24936
24957
25017
25019
25030
25034
25071
25112
25113
25114
25115
25116
25117
25118
25119
25153
25159
25160
25258
25336
25338
25397
25414
25415
25416
25418
25419
25420
25462
25475
25477
25481
25504
25544
25560
25575
25621
25630
25639
25652
25657
25682
25740
25757
25867
25894
25924
25933
25949
25954
25967
25980
25981
25982
25983
25984
25985
25989
25991
25994
26034
26038
26052
26081
26102
26107
26113
26356
26360
26369
26388
26400
26407
26410
26411
26451
26463
26464
26469
26473
26494
26554
26575
26580
26590
26608
26624
26638
26639
26690
26694
26700
26702
26715
26719
26720
26734
26766
26824
26853
26857
26880
26900
26927
26931
26958
26959
26998
27004
27056
27057
27168
27370
27378
27380
27389
27399
27400
27414
27424
27426
27434
27438
27445
27460
27464
27465
27509
27513
27528
27540
27566
27603
27606
27607
27612
27632
27640
27651
27663
27691
27704
27711
27715
27718
27811
27816
27825
27831
27843
27844
27848
27854
27858
27868
27869
27875
27937
27939
27954
28051
28054
28058
28089
28117
28129
28158
28184
28187
28190
28220
28238
28252
28254
28358
28366
28369
28370
28371
28372
28376
28378
28380
28384
28413
28414
28419
28420
28446
28470
28472
28474
28485
28492
28493
28521
28526
28537
28542
28626
28628
28638
28646
28649
28654
28659
28702
28707
28737
28786
28788
28790
28810
28868
28874
28884
28885
28888
28890
28893
28895
28899
28902
28903
28908
28912
28924
28935
28945
28946
29045
29047
29048
29049
29050
29051
29052
29055
29079
29107
29108
29155
29162
29228
29236
29249
29252
29268
29270
29272
29273
29349
29479
29486
29494
29495
29499
29505
29506
29510
29520
29522
29526
29601
29643
29644
29648
29658
29670
29678
29709
29710
30580
30581
30582
30774
30776
30777
30793
30794
30797
30798
31102
31113
31118
31119
31121
31124
31125
31127
31135
31304
31306
31307
31490
31571
31573
31574
31576
31598
31601
31698
31701
31789
31792
31797
31800
31862
32018
32019
32050
32060
32252
32253
32258
32260
32263
32264
32265
32275
32276
32283
32289
32293
32294
32299
32376
32378
32382
32384
32388
32393
32395
32404
32476
32478
32487
32706
32708
32711
32729
32750
32763
32767
32768
32779
32783
32785
32788
32789
32790
32791
32794
32951
32953
32954
32955
32956
32958
33051
33053
33055
33056
33153
33154
33207
33244
33274
33275
33278
33320
33321
33331
33373
33376
33396
33401
33408
33409
33412
33433
33434
33436
33446
33453
33459
33460
33463
33490
33492
33498
33499
33591
33595
33749
33750
33751
33752
34111
34661
34710
34713
34807
34810
34839
34903
34937
34941
35008
35315
35362
35491
35493
35496
35498
35500
35681
35682
35683
35684
35685
35686
35696
35752
35755
35756
35812
35815
35865
35873
35931
35932
35933
35935
35937
35938
35942
35943
35946
35951
36032
36033
36036
36037
36086
36088
36095
36097
36101
36104
36106
36108
36110
36111
36112
36119
36121
36122
36124
36131
36287
36358
36395
36397
36400
36401
36402
36411
36413
36414
36415
36499
36508
36516
36519
36576
36577
36581
36582
36585
36592
36596
36605
36608
36744
36745
36792
36795
36797
36798
36799
36828
36830
36831
36834
36868
36985
37139
37150
37152
37153
37154
37158
37162
37165
37166
37167
37168
37174
37179
37180
37185
37188
37189
37190
37191
37192
37193
37206
37207
37210
37214
37216
37218
37222
37224
37232
37234
37237
37238
37256
37258
37264
37265
37348
37364
37372
37377
37384
37386
37387
37388
37389
37392
37393
37398
37481
37602
37605
37606
37677
37730
37737
37739
37740
37741
37742
37743
37744
37746
37748
37749
37753
37763
37765
37773
37775
37776
37779
37781
37789
37790
37791
37792
37793
37804
37806
37809
37810
37813
37816
37818
37826
37834
37836
37838
37839
37841
37843
37846
37847
37849
37855
37867
37868
37869
37875
37930
37931
37933
37941
37948
37951
37954
38007
38008
38009
38010
38011
38012
38014
38038
38040
38041
38042
38043
38044
38045
38046
38049
38070
38077
38087
38091
38093
38098
38107
38109
38245
38250
38251
38254
38256
38257
38331
38332
38337
38338
38339
38342
38352
38354
38356
38358
38466
38528
38551
38552
38652
38707
38708
38709
38710
38711
38730
38733
38734
38736
38740
38741
38744
38745
38749
38755
38758
38759
38760
38764
38766
38767
38768
38771
38775
38778
38779
38782
38833
38857
38858
38860
38861
38867
38953
38977
38978
38991
38992
38995
38997
38998
39008
39011
39012
39013
39017
39019
39020
39022
39030
39034
39035
39057
39058
39059
39061
39070
39072
39073
39074
39075
39076
39077
39078
39079
39084
39086
39088
39089
39090
39120
39122
39127
39134
39135
39136
39150
39151
39155
39157
39159
39160
39161
39163
39166
39168
39172
39177
39186
39188
39189
39190
39191
39194
39197
39199
39202
39206
39208
39209
39210
39215
39216
39222
39227
39232
39233
39234
39237
39239
39240
39241
39249
39250
39251
39253
39256
39260
39265
39268
39269
39270
39285
39358
39360
39363
39370
39375
39378
39380
39410
39416
39417
39418
39419
39420
39422
39423
39425
39427
39430
39439
39440
39441
39444
39446
39451
39452
39453
39455
39460
39462
39465
39466
39467
39468
39469
39472
39473
39474
39476
39479
39481
39483
39484
39485
39487
39498
39500
39504
39508
39509
39522
39533
39574
39612
39613
39616
39617
39620
39624
39634
39635
39650
39652
39727
39728
39731
39741
39751
39761
39762
39763
39766
39767
39768
39769
39770
39773
40001
40010
40011
40012
40013
40014
40015
40016
40018
40019
40020
40021
40024
40025
40030
40032
40037
40039
40042
40043
40044
40045
40046
40053
40055
40056
40059
40061
40062
40063
40069
40070
40071
40072
40074
40075
40076
40079
40080
40081
40082
40086
40087
40091
40099
40100
40105
40107
40109
40110
40111
40115
40118
40119
40128
40129
40136
40137
40141
40143
40144
40146
40147
40208
40258
40261
40267
40269
40271
40272
40275
40277
40286
40294
40296
40298
40299
40301
40305
40310
40315
40319
40320
40321
40322
40332
40333
40336
40338
40339
40340
40344
40345
40348
40349
40350
40351
40353
40358
40360
40362
40364
40367
40374
40376
40377
40378
40379
40380
40381
40384
40390
40420
40424
40425
40482
40483
40484
40485
40505
40534
40536
40538
40544
40545
40547
40549
40552
40553
40554
40555
40613
40614
40617
40654
40655
40657
40659
40660
40663
40664
40697
40699
40701
40715
40716
40717
40718
40730
40732
40733
40746
40748
40749
40874
40875
40878
40880
40882
40887
40889
40890
40892
40894
40895
40899
40900
40901
40902
40903
40904
40905
40906
40907
40908
40910
40911
40912
40920
40921
40922
40925
40926
40928
40930
40931
40932
40933
40935
40936
40938
40940
40941
40946
40959
40960
40961
40964
40965
40966
40967
40968
40970
40971
40972
40973
40974
40975
40976
40977
40982
40984
40988
41019
41021
41026
41028
41029
41032
41034
41036
41038
41103
41105
41121
41166
41167
41168
41169
41170
41171
41173
41174
41175
41179
41182
41183
41184
41185
41186
41187
41188
41189
41191
41194
41238
41240
41241
41310
41328
41330
41332
41334
41335
41340
41380
41382
41384
41386
41388
41394
41434
41456
41457
41459
41460
41464
41465
41469
41471
41473
41549
41550
41552
41554
41556
41557
41558
41579
41581
41584
41586
41588
41589
41591
41592
41599
41601
41602
41603
41604
41605
41607
41610
41612
41613
41614
41618
41619
41622
41634
41724
41725
41727
41729
41731
41744
41745
41747
41748
41752
41757
41759
41770
41771
41772
41773
41774
41784
41785
41786
41787
41788
41790
41793
41794
41836
41838
41841
41842
41843
41844
41845
41847
41848
41849
41850
41851
41852
41853
41854
41855
41857
41859
41860
41861
41862
41866
41868
41869
41871
41872
41873
41874
41875
41877
41879
41882
41884
41885
41886
41887
41888
41889
41890
41891
41893
41896
41898
41899
41900
41901
41903
41904
41907
41908
41911
41913
41914
41915
41917
41918
41919
41920
41921
41922
41923
41924
41925
41926
41937
41940
41942
41944
41945
41948
41949
41950
41951
41952
41954
41956
41965
41966
41968
41972
41975
41976
41977
41978
41980
41985
41988
41990
41991
41992
41993
41994
41995
41996
41997
41998
41999
42000
42001
42003
42009
42010
42014
42015
42016
42017
42018
42019
42023
42025
42026
42027
42028
42029
42031
42032
42034
42041
42043
42044
42048
42049
42058
42061
42063
42070
42072
42075
42432
42662
42689
42691
42692
42695
42698
42709
42719
42738
42740
42741
42747
42749
42752
42753
42754
42755
42758
42759
42760
42761
42763
42765
42766
42767
42768
42769
42771
42772
42773
42774
42775
42776
42777
42778
42779
42780
42781
42782
42783
42784
42785
42786
42787
42788
42789
42790
42792
42793
42794
42795
42798
42801
42803
42804
42805
42806
42807
42808
42809
42810
42811
42812
42814
42815
42818
42825
42826
42827
42828
42829
42830
42831
42832
42833
42834
42835
42836
42837
42838
42839
42840
42841
42842
42843
42844
42845
42846
42847
42848
42849
42850
42851
42856
42859
42860
42862
42865
42866
42867
42869
42870
42871
42872
42873
42874
42875
42877
42881
42884
42886
42887
42889
42890
42893
42895
42896
42897
42900
42901
42907
42915
42917
42920
42921
42934
42939
42941
42942
42945
42946
42947
42949
42950
42951
42954
42955
42956
42957
42958
42959
42960
42961
42962
42963
42964
42965
42967
42969
42982
42984
42986
42987
42988
42989
42990
42991
42992
42997
42998
43001
43002
43005
43010
43011
43013
43014
43015
43016
43017
43021
43022
43023
43024
43028
43029
43030
43032
43034
43039
43041
43042
43043
43044
43045
43046
43047
43048
43049
43050
43051
43052
43053
43054
43055
43056
43057
43058
43065
43070
43071
43072
43073
43074
43075
43076
43077
43078
43079
43080
43081
43082
43083
43098
43099
43100
43107
43108
43111
43113
43114
43115
43116
43118
43119
43120
43122
43123
43124
43125
43126
43127
43128
43130
43131
43132
43133
43134
43135
43136
43137
43139
43140
43141
43142
43143
43144
43145
43146
43152
43155
43156
43157
43158
43159
43160
43162
43165
43167
43169
43170
43171
43172
43174
43175
43178
43180
43181
43182
43183
43184
43185
43186
43187
43188
43189
43192
43194
43195
43196
43197
43199
43204
43205
43207
43208
43215
43223
43226
43228
43229
43231
43232
43233
43234
43236
43243
43245
43246
43249
43250
43251
43252
43253
43254
43255
43256
43257
43258
43259
43260
43262
43271
43272
43275
43276
43277
43279
43286
43339
43340
43432
43435
43437
43439
43440
43441
43442
43443
43445
43446
43450
43457
43458
43459
43461
43463
43465
43467
43470
43472
43476
43477
43478
43479
43480
43481
43482
43484
43485
43488
43491
43495
43508
43510
43518
43519
43529
43530
43539
43546
43547
43548
43549
43551
43552
43553
43556
43557
43558
43559
43560
43561
43562
43564
43565
43566
43567
43569
43570
43571
43572
43573
43574
43575
43576
43577
43578
43581
43582
43585
43587
43589
43590
43591
43592
43595
43596
43600
43602
43603
43609
43611
43613
43614
43615
43616
43617
43618
43619
43622
43623
43632
43633
43636
43638
43639
43640
43641
43642
43643
43647
43648
43651
43653
43655
43657
43662
43666
43669
43672
43676
43677
43678
43679
43681
43683
43687
43689
43690
43692
43693
43694
43695
43696
43697
43698
43700
43706
43707
43710
43711
43712
43713
43714
43717
43719
43720
43721
43722
43723
43724
43725
43727
43729
43730
43731
43732
43733
43734
43736
43737
43738
43740
43741
43742
43743
43744
43745
43746
43747
43751
43752
43753
43758
43759
43760
43761
43762
43764
43765
43766
43767
43768
43769
43770
43771
43772
43773
43774
43775
43776
43777
43778
43779
43780
43782
43783
43784
43785
43786
43787
43788
43790
43791
43792
43793
43794
43795
43796
43797
43798
43799
43800
43801
43802
43803
43804
43805
43806
43807
43808
43809
43810
43811
43812
43813
43814
43815
43816
43817
43818
43819
43820
43821
43823
43824
43831
43833
43845
43849
43850
43851
43852
43853
43854
43855
43856
43857
43858
43859
43860
43861
43864
43866
43867
43871
43873
43874
43876
43877
43879
43880
43881
43882
43883
43884
43885
43886
43887
43888
43889
43890
43891
43893
43894
43895
43896
43899
43901
43902
43904
43905
43906
43907
43908
43909
43910
43911
43912
43913
43914
43915
43917
43920
43922
43923
43924
43925
43926
43927
43928
43929
43930
43931
43932
43933
43934
43935
43937
43938
43940
43941
43942
43943
43944
43946
44029
44030
44031
44033
44034
44035
44041
44042
44044
44047
44048
44057
44058
44059
44060
44061
44062
44065
44067
44071
44072
44073
44076
44078
44079
44080
44081
44082
44083
44084
44085
44086
44087
44088
44089
44090
44093
44094
44095
44096
44097
44098
44099
44100
44102
44103
44104
44105
44108
44109
44112
44113
44114
44115
44186
44204
44207
44209
44225
44226
44229
44231
44233
44240
44243
44244
44249
44252
44257
44259
44263
44265
44268
44271
44275
44276
44279
44281
44286
44287
44289
44299
44307
44310
44311
44312
44313
44314
44315
44316
44322
44323
44324
44329
44330
44331
44332
44333
44334
44337
44339
44340
44341
44342
44343
44344
44347
44348
44349
44350
44351
44352
44353
44354
44355
44356
44357
44358
44359
44360
44361
44364
44365
44366
44367
44368
44369
44370
44371
44374
44385
44386
44387
44388
44389
44390
44391
44392
44393
44394
44395
44396
44397
44398
44399
44400
44401
44402
44403
44404
44405
44406
44407
44408
44409
44410
44411
44412
44413
44414
44415
44416
44417
44418
44419
44420
44421
44422
44423
44424
44426
44427
44428
44429
44430
44431
44432
44441
44449
44450
44451
44453
44457
44475
44476
44479
44481
44482
44484
44485
44486
44487
44488
44495
44497
44498
44499
44506
44517
44519
44520
44528
44529
44530
44533
44534
44536
44537
44538
44539
44542
44543
44547
44552
44622
44624
44625
44628
44634
44637
44703
44704
44705
44706
44709
44713
44714
44715
44716
44717
44718
44719
44720
44721
44722
44723
44724
44725
44726
44727
44728
44729
44730
44731
44732
44733
44734
44735
44736
44737
44738
44739
44740
44741
44743
44744
44746
44747
44748
44749
44750
44751
44752
44753
44754
44755
44756
44757
44758
44759
44760
44761
44762
44763
44764
44765
44766
44767
44768
44769
44771
44772
44777
44779
44780
44781
44782
44783
44785
44786
44790
44791
44792
44793
44794
44797
44800
44801
44804
44806
44807
44808
44809
44810
44811
44812
44813
44814
44816
44817
44818
44819
44824
44827
44829
44830
44831
44835
44836
44838
44839
44840
44841
44842
44843
44850
44852
44853
44854
44855
44856
44857
44858
44859
44860
44861
44863
44864
44865
44868
44873
44874
44876
44877
44878
44879
44880
44881
44882
44883
44884
44885
44886
44887
44903
44905
44906
44907
44909
44910
44914
44915
44916
44917
44918
44919
44920
44921
44922
44923
44924
44925
44926
44927
44928
44929
44930
44931
44932
44933
44934
44935
44936
44937
44938
44939
44940
44941
44942
44943
44944
44945
44946
44947
44949
44950
44951
44952
44953
44954
44955
44956
44957
44958
44959
44960
44961
44962
44963
44964
44966
44967
44968
44969
44970
44971
44972
44973
44978
45016
45017
45018
45019
45024
45026
45027
45043
45044
45045
45046
45047
45048
45049
45050
45051
45052
45053
45054
45055
45056
45057
45058
45059
45060
45061
45062
45063
45064
45065
45066
45067
45068
45069
45070
45071
45072
45073
45074
45075
45076
45077
45078
45079
45080
45081
45082
45083
45084
45085
45086
45087
45088
45089
45090
45091
45092
45093
45094
45095
45096
45097
45098
45099
45100
45101
45102
45103
45110
45113
45114
45115
45116
45117
45118
45119
45120
45121
45122
45123
45124
45125
45126
45131
45132
45133
45134
45135
45136
45137
45138
45139
45140
45141
45142
45143
45144
45145
45146
45147
45148
45149
45150
45151
45152
45153
45154
45155
45156
45157
45158
45159
45160
45161
45162
45163
45164
45165
45167
45169
45170
45171
45178
45179
45180
45181
45182
45183
45184
45185
45186
45187
45188
45189
45190
45191
45192
45193
45194
45195
45196
45197
45198
45199
45200
45201
45202
45203
45204
45205
45206
45207
45208
45209
45210
45212
45213
45214
45215
45216
45217
45218
45219
45220
45221
45222
45223
45224
45225
45226
45227
45228
45229
45230
45231
45232
45233
45234
45235
45236
45237
45245
45246
45249
45250
45251
45253
45254
45256
45257
45258
45259
45260
45261
45262
45263
45264
45344
45358
45360
45361
45362
45364
45365
45366
45367
45368
45369
45370
45371
45372
45373
45374
45375
45376
45377
45378
45379
45380
45381
45382
45383
45384
45385
45386
45387
45388
45389
45390
45391
45392
45393
45394
45395
45396
45397
45398
45399
45400
45401
45402
45403
45404
45405
45406
45407
45408
45409
45410
45411
45412
45413
45414
45415
45416
45417
45418
45419
45424
45425
45426
45427
45428
45429
45430
45431
45432
45433
45434
45435
45436
45437
45438
45439
45440
45441
45442
45443
45444
45445
45446
45447
45448
45449
45450
45451
45452
45453
45454
45455
45456
45457
45460
45461
45462
45464
45465
45476
45528
45529
45531
45532
45533
45534
45535
45536
45537
45538
45539
45540
45541
45542
45543
45544
45545
45546
45547
45548
45549
45550
45551
45552
45553
45554
45555
45556
45557
45558
45559
45560
45561
45562
45563
45564
45565
45566
45567
45568
45569
45570
45571
45572
45573
45574
45575
45576
45577
45578
45579
45580
45581
45582
45583
45584
45585
45586
45587
45588
45589
45590
45595
45597
45598
45602
45603
45605
45606
45608
45610
45611
45612
45624
45625
45658
45659
45660
45661
45662
45663
45664
45665
45666
45667
45668
45669
45670
45671
45672
45673
45674
45675
45676
45677
45678
45679
45680
45681
45682
45683
45684
45685
45686
45687
45688
45689
45690
45691
45692
45693
45694
45695
45696
45697
45698
45699
45700
45701
45702
45703
45704
45705
45706
45707
45708
45709
45710
45711
45712
45713
45714
45715
45716
45721
45723
45724
45725
45726
45727
45730
45731
45732
45733
45734
45735
45736
45737
45738
45739
45740
45741
45742
45743
45744
45745
45746
45747
45748
45749
45750
45751
45752
45753
45754
45755
45756
45757
45758
45759
45760
45761
45762
45763
45764
45765
45766
45767
45768
45769
45770
45771
45772
45773
45774
45775
45776
45777
45778
45779
45780
45781
45782
45783
45784
45785
45786
45787
45788
45789
45790
45794
45795
45796
45800
45807
45809
45854
45856
45857
45859
45860
45863
45873
45874
45875
45876
45916
45917
45918
45920
45935
45937
45939
45940
45941
45983
45985
45986
46025
46026
46027
46028
46029
46030
46031
46032
46033
46034
46035
46036
46037
46038
46039
46040
46041
46042
46043
46044
46045
46046
46047
46048
46049
46050
46051
46052
46053
46054
46055
46056
46057
46058
46059
46060
46061
46062
46063
46064
46065
46066
46067
46068
46069
46070
46071
46072
46073
46074
46075
46076
46077
46078
46079
46080
46081
46082
46083
46088
46089
46112
46113
46114
46117
46118
46119
46120
46121
46122
46123
46124
46125
46126
46127
46128
46129
46130
46131
46132
46133
46134
46135
46136
46137
46138
46139
46140
46141
46142
46143
46144
46145
46146
46147
46148
46149
46150
46151
46152
46153
46154
46155
46156
46157
46158
46159
46160
46161
46162
46163
46164
46165
46166
46167
46168
46169
46170
46171
46172
46173
46174
46179
46180
46232
46233
46234
46235
46265
46266
46267
46268
46269
46272
46273
46274
46275
46276
46277
46278
46279
46280
46281
46282
46283
46285
46286
46287
46288
46289
46290
46291
46292
46293
46294
46295
46296
46297
46298
46299
46300
46301
46302
46303
46304
46305
46306
46307
46308
46309
46310
46311
46313
46314
46315
46316
46317
46318
46319
46320
46321
46322
46325
46326
46327
46328
46329
46330
46331
46332
46333
46334
46335
46336
46337
46338
46339
46340
46341
46342
46343
46344
46345
46346
46347
46348
46349
46350
46351
46352
46353
46354
46355
46356
46357
46358
46359
46360
46361
46362
46363
46364
46365
46366
46367
46368
46369
46370
46371
46372
46373
46374
46375
46376
46377
46378
46379
46380
46381
46382
46383
46384
46396
46454
46455
46456
46457
46458
46459
46460
46461
46462
46469
46478
46479
46486
46487
46488
46489
46490
46491
46500
46503
46527
46528
46529
46530